package com.demo.quartermaster.vrp;

public class Distances {
    public double[][] distanceMatrix = {
            {0, 10, 15, 20, 25, 30, 35, 40, 45, 50, 55, 60, 65, 70, 75, 80, 85, 90, 95, 100},
            {10, 0, 12, 18, 22, 28, 32, 38, 42, 48, 52, 58, 62, 68, 72, 78, 82, 88, 92, 98},
            {15, 12, 0, 16, 20, 26, 30, 36, 40, 46, 50, 56, 60, 66, 70, 76, 80, 86, 90, 96},
            {20, 18, 16, 0, 14, 24, 28, 34, 38, 44, 48, 54, 58, 64, 68, 74, 78, 84, 88, 94},
            {25, 22, 20, 14, 0, 22, 26, 32, 36, 42, 46, 52, 56, 62, 66, 72, 76, 82, 86, 92},
            {30, 28, 26, 24, 22, 0, 20, 30, 34, 40, 44, 50, 54, 60, 64, 70, 74, 80, 84, 90},
            {35, 32, 30, 28, 26, 20, 0, 28, 32, 38, 42, 48, 52, 58, 62, 68, 72, 78, 82, 88},
            {40, 38, 36, 34, 32, 30, 28, 0, 26, 36, 40, 46, 50, 56, 60, 66, 70, 76, 80, 86},
            {45, 42, 40, 38, 36, 34, 32, 26, 0, 34, 38, 44, 48, 54, 58, 64, 68, 74, 78, 84},
            {50, 48, 46, 44, 42, 40, 38, 36, 34, 0, 32, 42, 46, 52, 56, 62, 66, 72, 76, 82},
            {55, 52, 50, 48, 46, 44, 42, 40, 38, 32, 0, 40, 44, 50, 54, 60, 64, 70, 74, 80},
            {60, 58, 56, 54, 52, 50, 48, 46, 44, 42, 40, 0, 38, 48, 52, 58, 62, 68, 72, 78},
            {65, 62, 60, 58, 56, 54, 52, 50, 48, 46, 44, 38, 0, 46, 50, 56, 60, 66, 70, 76},
            {70, 68, 66, 64, 62, 60, 58, 56, 54, 52, 50, 48, 46, 0, 44, 54, 58, 64, 68, 74},
            {75, 72, 70, 68, 66, 64, 62, 60, 58, 56, 54, 52, 50, 44, 0, 52, 56, 62, 66, 72},
            {80, 78, 76, 74, 72, 70, 68, 66, 64, 62, 60, 58, 56, 54, 52, 0, 50, 60, 64, 70},
            {85, 82, 80, 78, 76, 74, 72, 70, 68, 66, 64, 62, 60, 58, 56, 50, 0, 58, 62, 68},
            {90, 88, 86, 84, 82, 80, 78, 76, 74, 72, 70, 68, 66, 64, 62, 60, 58, 0, 56, 66},
            {95, 92, 90, 88, 86, 84, 82, 80, 78, 76, 74, 72, 70, 68, 66, 64, 62, 56, 0, 64},
            {100, 98, 96, 94, 92, 90, 88, 86, 84, 82, 80, 78, 76, 74, 72, 70, 68, 66, 64, 0}
    };

    public static final int[] demands = {
            0,  // depot
            8,  // location 1
            12, // location 2
            10, // location 3
            15, // location 4
            6,  // location 5
            14, // location 6
            9,  // location 7
            11, // location 8
            7,  // location 9
            13, // location 10
            5,  // location 11
            10, // location 12
            8,  // location 13
            12, // location 14
            15, // location 15
            6,  // location 16
            9,  // location 17
            11, // location 18
            14  // location 19
    };
}
